0.062293 
 0.293938 
0.0685095 
 0.447064 
0.0960682 
 0.597251 
 0.141647 
 0.739029 
 0.210414 
  0.84792 
  0.29712 
 0.936709 
  0.39796 
  1.01116 
 0.519777 
   1.0368 
 0.640133 
  1.00905 
 0.742921 
 0.932266 
 0.830531 
 0.841249 
   0.8977 
 0.729938 
 0.941908 
 0.583556 
 0.967239 
 0.435477 
 0.971562 
 0.286015 
 0.906574 
  0.18302 
 0.825071 
 0.111362 
 0.701055 
 0.121004 
  0.62113 
 0.170601 
 0.707979 
 0.173572 
 0.823736 
 0.164321 
 0.125535 
  0.18461 
 0.205292 
 0.112219 
 0.331259 
 0.121103 
 0.409563 
 0.170922 
 0.323584 
  0.17297 
 0.207904 
 0.165308 
 0.220174 
 0.290094 
 0.302208 
 0.256967 
 0.391505 
 0.311674 
 0.297338 
 0.324002 
 0.812828 
 0.289762 
 0.733429 
  0.25599 
 0.641043 
 0.311193 
 0.738287 
 0.323397 
 0.449104 
 0.307929 
 0.437929 
 0.433343 
 0.380026 
 0.557041 
 0.417104 
 0.607803 
 0.517228 
 0.622878 
  0.61812 
 0.606489 
 0.651792 
 0.555514 
 0.595343 
 0.433913 
 0.583645 
 0.309203 
 0.442801 
 0.584224 
 0.587429 
 0.584632 
   0.3422 
 0.745689 
 0.403444 
 0.725528 
 0.466265 
 0.709891 
 0.517493 
 0.719077 
  0.56898 
 0.709561 
 0.632055 
   0.7251 
 0.691273 
 0.745059 
 0.643897 
 0.796434 
 0.590479 
 0.829602 
    0.519 
 0.841298 
 0.448096 
  0.83152 
 0.393251 
  0.79867 
 0.439201 
 0.768982 
 0.517657 
 0.780283 
 0.595575 
 0.768467 
 0.594563 
 0.750926 
 0.517517 
 0.757119 
 0.440197 
 0.751462 
 0.517666 
 0.768485 
 0.517696 
 0.530445 
 0.254136 
 0.262364 
 0.250374 
 0.316029 
 0.347053 
 0.319192 
 0.351627 
 0.271201 
 0.682001 
 0.270397 
 0.686829 
 0.318761 
 0.784411 
  0.31506 
 0.781239 
 0.262116
