img_6622.jpg
180 130 625 576
235 241
223 297
236 375
258 417
287 463
306 501
331 542
368 563
416 562
456 533
503 503
548 468
573 427
602 376
631 309
596 241
534 203
480 199
432 216
473 230
532 234
244 184
268 169
316 176
358 208
310 201
263 196
265 243
306 233
340 275
288 273
543 288
503 266
450 293
500 305
362 277
353 328
322 386
328 407
367 425
416 430
431 403
418 338
426 290
341 411
403 420
304 439
328 457
352 461
370 469
396 471
424 473
456 465
428 491
400 505
367 506
342 495
325 473
345 472
368 481
397 480
398 482
366 482
345 473
368 480
368 382
283 229
270 263
320 277
332 249
476 274
469 298
527 301
529 272
img_6623.jpg
37 97 572 632
140 283
137 345
143 404
151 458
174 516
207 559
256 601
309 611
363 607
406 579
447 546
478 496
498 427
517 369
523 309
512 265
474 217
416 211
383 234
417 238
474 245
161 230
199 198
257 205
290 230
255 230
202 225
196 288
234 267
282 293
236 302
469 307
435 282
383 301
428 317
306 297
294 346
272 397
285 419
322 430
361 424
373 408
360 350
363 301
290 401
352 404
242 491
266 477
292 469
318 475
341 472
366 484
392 500
371 517
348 529
312 531
281 527
259 510
285 490
316 494
353 490
352 492
315 495
286 490
315 493
324 385
213 271
215 301
265 297
262 276
410 286
406 311
450 318
458 295
img_6624.jpg
159 159 469 469
155 262
154 311
161 359
175 404
201 446
238 473
289 498
330 501
362 486
380 450
393 416
407 383
418 344
424 307
421 266
426 228
417 221
398 219
373 231
396 234
415 235
225 231
256 213
293 210
318 222
295 226
258 229
248 256
280 250
304 269
278 274
409 266
391 252
365 269
394 275
324 270
329 304
303 349
322 360
357 364
377 357
384 339
368 304
352 269
332 353
375 351
275 397
298 394
322 389
344 390
361 387
373 390
373 399
366 410
361 429
341 435
320 432
298 420
313 412
339 419
358 412
360 400
342 401
314 398
340 409
363 322
265 252
262 268
292 273
294 258
374 258
378 274
405 272
404 255
img_6625.jpg
97 37 632 572
153 181
167 264
176 336
213 417
247 469
285 516
328 561
392 575
448 560
493 514
531 469
564 416
589 348
606 279
616 183
588 91
545 56
482 66
435 100
493 102
551 84
175 94
214 52
276 62
324 88
271 92
214 73
220 175
268 159
317 188
262 196
543 184
499 163
445 188
500 203
347 190
333 255
292 321
316 353
376 366
434 355
458 324
420 258
428 191
328 341
421 344
280 431
311 418
342 403
372 414
408 405
450 423
480 435
454 475
422 498
373 501
331 490
305 467
333 444
375 451
419 447
420 447
376 448
334 445
375 452
376 300
242 163
233 191
295 196
300 171
468 173
470 196
530 198
528 171
img_6626.jpg
80 80 526 526
128 247
126 298
132 352
139 415
157 476
195 528
263 567
327 577
399 563
446 534
479 489
512 430
524 360
526 310
520 245
494 192
458 164
408 165
371 181
410 188
457 192
156 218
192 167
252 169
284 192
245 195
193 194
196 245
232 229
276 248
231 251
450 242
420 226
380 243
421 245
292 249
283 286
249 328
273 345
322 349
377 343
392 330
363 286
352 243
287 332
354 332
233 421
254 398
288 384
324 388
360 387
392 396
414 418
390 447
360 465
322 470
285 466
253 451
275 439
321 444
366 438
366 408
321 407
277 409
321 425
323 292
209 234
212 249
256 250
253 231
399 231
400 245
439 245
439 230
